  17  24   1   8  15
  23   5   7  14  16
   4   6  13  20  22
  10  12  19  21   3
  11  18  25   2   9


  11  18  25   2   9
  23   5   7  14  16
   4   6  13  20  22
  10  12  19  21   3
  17  24   1   8  15


   9  18  25   2  11
  16   5   7  14  23
  22   6  13  20   4
   3  12  19  21  10
  15  24   1   8  17


   9  18  25   2  11
   3  12  19  21  10
  22   6  13  20   4
  16   5   7  14  23
  15  24   1   8  17


   9   2  25  18  11
   3  21  19  12  10
  22  20  13   6   4
  16  14   7   5  23
  15   8   1  24  17


   9   3  22  16  15
   2  21  20  14   8
  25  19  13   7   1
  18  12   6   5  24
  11  10   4  23  17


  11  10   4  23  17
  18  12   6   5  24
  25  19  13   7   1
   2  21  20  14   8
   9   3  22  16  15


  15  16  22   3   9
   8  14  20  21   2
   1   7  13  19  25
  24   5   6  12  18
  17  23   4  10  11


  15  24   1   8  17
  16   5   7  14  23
  22   6  13  20   4
   3  12  19  21  10
   9  18  25   2  11


  15  24   1   8  17
   3  12  19  21  10
  22   6  13  20   4
  16   5   7  14  23
   9  18  25   2  11


  15   8   1  24  17
   3  21  19  12  10
  22  20  13   6   4
  16  14   7   5  23
   9   2  25  18  11


  15   3  22  16   9
   8  21  20  14   2
   1  19  13   7  25
  24  12   6   5  18
  17  10   4  23  11


  17  10   4  23  11
  24  12   6   5  18
   1  19  13   7  25
   8  21  20  14   2
  15   3  22  16   9


   9  16  22   3  15
   2  14  20  21   8
  25   7  13  19   1
  18   5   6  12  24
  11  23   4  10  17


  17  24   1   8  15
  10  12  19  21   3
   4   6  13  20  22
  23   5   7  14  16
  11  18  25   2   9


  17   8   1  24  15
  10  21  19  12   3
   4  20  13   6  22
  23  14   7   5  16
  11   2  25  18   9


  17  10   4  23  11
   8  21  20  14   2
   1  19  13   7  25
  24  12   6   5  18
  15   3  22  16   9


  15   3  22  16   9
  24  12   6   5  18
   1  19  13   7  25
   8  21  20  14   2
  17  10   4  23  11


  11  23   4  10  17
   2  14  20  21   8
  25   7  13  19   1
  18   5   6  12  24
   9  16  22   3  15


  17   8   1  24  15
  23  14   7   5  16
   4  20  13   6  22
  10  21  19  12   3
  11   2  25  18   9


  17  23   4  10  11
   8  14  20  21   2
   1   7  13  19  25
  24   5   6  12  18
  15  16  22   3   9


  15  16  22   3   9
  24   5   6  12  18
   1   7  13  19  25
   8  14  20  21   2
  17  23   4  10  11


  11  10   4  23  17
   2  21  20  14   8
  25  19  13   7   1
  18  12   6   5  24
   9   3  22  16  15


  17  23   4  10  11
  24   5   6  12  18
   1   7  13  19  25
   8  14  20  21   2
  15  16  22   3   9


  11  18  25   2   9
  10  12  19  21   3
   4   6  13  20  22
  23   5   7  14  16
  17  24   1   8  15


  15   8   1  24  17
  16  14   7   5  23
  22  20  13   6   4
   3  21  19  12  10
   9   2  25  18  11


   9   3  22  16  15
  18  12   6   5  24
  25  19  13   7   1
   2  21  20  14   8
  11  10   4  23  17


  11  23   4  10  17
  18   5   6  12  24
  25   7  13  19   1
   2  14  20  21   8
   9  16  22   3  15


  11   2  25  18   9
  10  21  19  12   3
   4  20  13   6  22
  23  14   7   5  16
  17   8   1  24  15


  11   2  25  18   9
  23  14   7   5  16
   4  20  13   6  22
  10  21  19  12   3
  17   8   1  24  15


   9  16  22   3  15
  18   5   6  12  24
  25   7  13  19   1
   2  14  20  21   8
  11  23   4  10  17


   9   2  25  18  11
  16  14   7   5  23
  22  20  13   6   4
   3  21  19  12  10
  15   8   1  24  17


Ordnung: 5
Anzahl: 32
Magic number: 65
