  30  39  48   1  10  19  28
  38  47   7   9  18  27  29
  46   6   8  17  26  35  37
   5  14  16  25  34  36  45
  13  15  24  33  42  44   4
  21  23  32  41  43   3  12
  22  31  40  49   2  11  20


  22  31  40  49   2  11  20
  38  47   7   9  18  27  29
  46   6   8  17  26  35  37
   5  14  16  25  34  36  45
  13  15  24  33  42  44   4
  21  23  32  41  43   3  12
  30  39  48   1  10  19  28


  20  31  40  49   2  11  22
  29  47   7   9  18  27  38
  37   6   8  17  26  35  46
  45  14  16  25  34  36   5
   4  15  24  33  42  44  13
  12  23  32  41  43   3  21
  28  39  48   1  10  19  30


  20  31  40  49   2  11  22
  12  23  32  41  43   3  21
  37   6   8  17  26  35  46
  45  14  16  25  34  36   5
   4  15  24  33  42  44  13
  29  47   7   9  18  27  38
  28  39  48   1  10  19  30


  20  11  40  49   2  31  22
  12   3  32  41  43  23  21
  37  35   8  17  26   6  46
  45  36  16  25  34  14   5
   4  44  24  33  42  15  13
  29  27   7   9  18  47  38
  28  19  48   1  10  39  30


  20  11  40  49   2  31  22
  12   3  32  41  43  23  21
   4  44  24  33  42  15  13
  45  36  16  25  34  14   5
  37  35   8  17  26   6  46
  29  27   7   9  18  47  38
  28  19  48   1  10  39  30


  20  11   2  49  40  31  22
  12   3  43  41  32  23  21
   4  44  42  33  24  15  13
  45  36  34  25  16  14   5
  37  35  26  17   8   6  46
  29  27  18   9   7  47  38
  28  19  10   1  48  39  30


  20  12   4  45  37  29  28
  11   3  44  36  35  27  19
   2  43  42  34  26  18  10
  49  41  33  25  17   9   1
  40  32  24  16   8   7  48
  31  23  15  14   6  47  39
  22  21  13   5  46  38  30


  22  21  13   5  46  38  30
  31  23  15  14   6  47  39
  40  32  24  16   8   7  48
  49  41  33  25  17   9   1
   2  43  42  34  26  18  10
  11   3  44  36  35  27  19
  20  12   4  45  37  29  28


  28  29  37  45   4  12  20
  19  27  35  36  44   3  11
  10  18  26  34  42  43   2
   1   9  17  25  33  41  49
  48   7   8  16  24  32  40
  39  47   6  14  15  23  31
  30  38  46   5  13  21  22


  28  39  48   1  10  19  30
  29  47   7   9  18  27  38
  37   6   8  17  26  35  46
  45  14  16  25  34  36   5
   4  15  24  33  42  44  13
  12  23  32  41  43   3  21
  20  31  40  49   2  11  22


  28  39  48   1  10  19  30
  12  23  32  41  43   3  21
  37   6   8  17  26  35  46
  45  14  16  25  34  36   5
   4  15  24  33  42  44  13
  29  47   7   9  18  27  38
  20  31  40  49   2  11  22


  28  19  48   1  10  39  30
  12   3  32  41  43  23  21
  37  35   8  17  26   6  46
  45  36  16  25  34  14   5
   4  44  24  33  42  15  13
  29  27   7   9  18  47  38
  20  11  40  49   2  31  22


  28  19  48   1  10  39  30
  12   3  32  41  43  23  21
   4  44  24  33  42  15  13
  45  36  16  25  34  14   5
  37  35   8  17  26   6  46
  29  27   7   9  18  47  38
  20  11  40  49   2  31  22


  28  19  10   1  48  39  30
  12   3  43  41  32  23  21
   4  44  42  33  24  15  13
  45  36  34  25  16  14   5
  37  35  26  17   8   6  46
  29  27  18   9   7  47  38
  20  11   2  49  40  31  22


  28  12   4  45  37  29  20
  19   3  44  36  35  27  11
  10  43  42  34  26  18   2
   1  41  33  25  17   9  49
  48  32  24  16   8   7  40
  39  23  15  14   6  47  31
  30  21  13   5  46  38  22


  30  21  13   5  46  38  22
  39  23  15  14   6  47  31
  48  32  24  16   8   7  40
   1  41  33  25  17   9  49
  10  43  42  34  26  18   2
  19   3  44  36  35  27  11
  28  12   4  45  37  29  20


  20  29  37  45   4  12  28
  11  27  35  36  44   3  19
   2  18  26  34  42  43  10
  49   9  17  25  33  41   1
  40   7   8  16  24  32  48
  31  47   6  14  15  23  39
  22  38  46   5  13  21  30


  30  39  48   1  10  19  28
  21  23  32  41  43   3  12
  46   6   8  17  26  35  37
   5  14  16  25  34  36  45
  13  15  24  33  42  44   4
  38  47   7   9  18  27  29
  22  31  40  49   2  11  20


  30  19  48   1  10  39  28
  21   3  32  41  43  23  12
  46  35   8  17  26   6  37
   5  36  16  25  34  14  45
  13  44  24  33  42  15   4
  38  27   7   9  18  47  29
  22  11  40  49   2  31  20


  30  19  48   1  10  39  28
  21   3  32  41  43  23  12
  13  44  24  33  42  15   4
   5  36  16  25  34  14  45
  46  35   8  17  26   6  37
  38  27   7   9  18  47  29
  22  11  40  49   2  31  20


  30  19  10   1  48  39  28
  21   3  43  41  32  23  12
  13  44  42  33  24  15   4
   5  36  34  25  16  14  45
  46  35  26  17   8   6  37
  38  27  18   9   7  47  29
  22  11   2  49  40  31  20


  30  21  13   5  46  38  22
  19   3  44  36  35  27  11
  10  43  42  34  26  18   2
   1  41  33  25  17   9  49
  48  32  24  16   8   7  40
  39  23  15  14   6  47  31
  28  12   4  45  37  29  20


  28  12   4  45  37  29  20
  39  23  15  14   6  47  31
  48  32  24  16   8   7  40
   1  41  33  25  17   9  49
  10  43  42  34  26  18   2
  19   3  44  36  35  27  11
  30  21  13   5  46  38  22


  22  38  46   5  13  21  30
  11  27  35  36  44   3  19
   2  18  26  34  42  43  10
  49   9  17  25  33  41   1
  40   7   8  16  24  32  48
  31  47   6  14  15  23  39
  20  29  37  45   4  12  28


  30  19  48   1  10  39  28
  38  27   7   9  18  47  29
  46  35   8  17  26   6  37
   5  36  16  25  34  14  45
  13  44  24  33  42  15   4
  21   3  32  41  43  23  12
  22  11  40  49   2  31  20


  30  19  48   1  10  39  28
  38  27   7   9  18  47  29
  13  44  24  33  42  15   4
   5  36  16  25  34  14  45
  46  35   8  17  26   6  37
  21   3  32  41  43  23  12
  22  11  40  49   2  31  20


  30  19  10   1  48  39  28
  38  27  18   9   7  47  29
  13  44  42  33  24  15   4
   5  36  34  25  16  14  45
  46  35  26  17   8   6  37
  21   3  43  41  32  23  12
  22  11   2  49  40  31  20


  30  38  13   5  46  21  22
  19  27  44  36  35   3  11
  10  18  42  34  26  43   2
   1   9  33  25  17  41  49
  48   7  24  16   8  32  40
  39  47  15  14   6  23  31
  28  29   4  45  37  12  20


  28  29   4  45  37  12  20
  39  47  15  14   6  23  31
  48   7  24  16   8  32  40
   1   9  33  25  17  41  49
  10  18  42  34  26  43   2
  19  27  44  36  35   3  11
  30  38  13   5  46  21  22


  22  21  46   5  13  38  30
  11   3  35  36  44  27  19
   2  43  26  34  42  18  10
  49  41  17  25  33   9   1
  40  32   8  16  24   7  48
  31  23   6  14  15  47  39
  20  12  37  45   4  29  28


  30  39  48   1  10  19  28
  38  47   7   9  18  27  29
  13  15  24  33  42  44   4
   5  14  16  25  34  36  45
  46   6   8  17  26  35  37
  21  23  32  41  43   3  12
  22  31  40  49   2  11  20


  30  39  10   1  48  19  28
  38  47  18   9   7  27  29
  13  15  42  33  24  44   4
   5  14  34  25  16  36  45
  46   6  26  17   8  35  37
  21  23  43  41  32   3  12
  22  31   2  49  40  11  20


  30  38  13   5  46  21  22
  39  47  15  14   6  23  31
  10  18  42  34  26  43   2
   1   9  33  25  17  41  49
  48   7  24  16   8  32  40
  19  27  44  36  35   3  11
  28  29   4  45  37  12  20


  28  29   4  45  37  12  20
  19  27  44  36  35   3  11
  48   7  24  16   8  32  40
   1   9  33  25  17  41  49
  10  18  42  34  26  43   2
  39  47  15  14   6  23  31
  30  38  13   5  46  21  22


  22  21  46   5  13  38  30
  31  23   6  14  15  47  39
   2  43  26  34  42  18  10
  49  41  17  25  33   9   1
  40  32   8  16  24   7  48
  11   3  35  36  44  27  19
  20  12  37  45   4  29  28


  30  39  10   1  48  19  28
  38  47  18   9   7  27  29
  46   6  26  17   8  35  37
   5  14  34  25  16  36  45
  13  15  42  33  24  44   4
  21  23  43  41  32   3  12
  22  31   2  49  40  11  20


  30  38  46   5  13  21  22
  39  47   6  14  15  23  31
  10  18  26  34  42  43   2
   1   9  17  25  33  41  49
  48   7   8  16  24  32  40
  19  27  35  36  44   3  11
  28  29  37  45   4  12  20


  28  29  37  45   4  12  20
  19  27  35  36  44   3  11
  48   7   8  16  24  32  40
   1   9  17  25  33  41  49
  10  18  26  34  42  43   2
  39  47   6  14  15  23  31
  30  38  46   5  13  21  22


  22  21  13   5  46  38  30
  31  23  15  14   6  47  39
   2  43  42  34  26  18  10
  49  41  33  25  17   9   1
  40  32  24  16   8   7  48
  11   3  44  36  35  27  19
  20  12   4  45  37  29  28


  30  38  46   5  13  21  22
  39  47   6  14  15  23  31
  48   7   8  16  24  32  40
   1   9  17  25  33  41  49
  10  18  26  34  42  43   2
  19  27  35  36  44   3  11
  28  29  37  45   4  12  20


  22  21  13   5  46  38  30
  11   3  44  36  35  27  19
   2  43  42  34  26  18  10
  49  41  33  25  17   9   1
  40  32  24  16   8   7  48
  31  23  15  14   6  47  39
  20  12   4  45  37  29  28


  30  21  13   5  46  38  22
  39  23  15  14   6  47  31
  10  43  42  34  26  18   2
   1  41  33  25  17   9  49
  48  32  24  16   8   7  40
  19   3  44  36  35  27  11
  28  12   4  45  37  29  20


  30  38  13   5  46  21  22
  39  47  15  14   6  23  31
  48   7  24  16   8  32  40
   1   9  33  25  17  41  49
  10  18  42  34  26  43   2
  19  27  44  36  35   3  11
  28  29   4  45  37  12  20


  22  31  40  49   2  11  20
  21  23  32  41  43   3  12
  13  15  24  33  42  44   4
   5  14  16  25  34  36  45
  46   6   8  17  26  35  37
  38  47   7   9  18  27  29
  30  39  48   1  10  19  28


  28  19  10   1  48  39  30
  29  27  18   9   7  47  38
  37  35  26  17   8   6  46
  45  36  34  25  16  14   5
   4  44  42  33  24  15  13
  12   3  43  41  32  23  21
  20  11   2  49  40  31  22


  20  12   4  45  37  29  28
  31  23  15  14   6  47  39
  40  32  24  16   8   7  48
  49  41  33  25  17   9   1
   2  43  42  34  26  18  10
  11   3  44  36  35  27  19
  22  21  13   5  46  38  30


  28  12   4  45  37  29  20
  19   3  44  36  35  27  11
  48  32  24  16   8   7  40
   1  41  33  25  17   9  49
  10  43  42  34  26  18   2
  39  23  15  14   6  47  31
  30  21  13   5  46  38  22


  28  29   4  45  37  12  20
  19  27  44  36  35   3  11
  10  18  42  34  26  43   2
   1   9  33  25  17  41  49
  48   7  24  16   8  32  40
  39  47  15  14   6  23  31
  30  38  13   5  46  21  22


  30  38  46   5  13  21  22
  19  27  35  36  44   3  11
  10  18  26  34  42  43   2
   1   9  17  25  33  41  49
  48   7   8  16  24  32  40
  39  47   6  14  15  23  31
  28  29  37  45   4  12  20


  22  38  46   5  13  21  30
  31  47   6  14  15  23  39
   2  18  26  34  42  43  10
  49   9  17  25  33  41   1
  40   7   8  16  24  32  48
  11  27  35  36  44   3  19
  20  29  37  45   4  12  28


  22  21  46   5  13  38  30
  31  23   6  14  15  47  39
  40  32   8  16  24   7  48
  49  41  17  25  33   9   1
   2  43  26  34  42  18  10
  11   3  35  36  44  27  19
  20  12  37  45   4  29  28


  22  31  40  49   2  11  20
  21  23  32  41  43   3  12
  46   6   8  17  26  35  37
   5  14  16  25  34  36  45
  13  15  24  33  42  44   4
  38  47   7   9  18  27  29
  30  39  48   1  10  19  28


  22  11  40  49   2  31  20
  21   3  32  41  43  23  12
  46  35   8  17  26   6  37
   5  36  16  25  34  14  45
  13  44  24  33  42  15   4
  38  27   7   9  18  47  29
  30  19  48   1  10  39  28


  22  11  40  49   2  31  20
  21   3  32  41  43  23  12
  13  44  24  33  42  15   4
   5  36  16  25  34  14  45
  46  35   8  17  26   6  37
  38  27   7   9  18  47  29
  30  19  48   1  10  39  28


  22  11   2  49  40  31  20
  21   3  43  41  32  23  12
  13  44  42  33  24  15   4
   5  36  34  25  16  14  45
  46  35  26  17   8   6  37
  38  27  18   9   7  47  29
  30  19  10   1  48  39  28


  22  11  40  49   2  31  20
  38  27   7   9  18  47  29
  46  35   8  17  26   6  37
   5  36  16  25  34  14  45
  13  44  24  33  42  15   4
  21   3  32  41  43  23  12
  30  19  48   1  10  39  28


  22  11  40  49   2  31  20
  38  27   7   9  18  47  29
  13  44  24  33  42  15   4
   5  36  16  25  34  14  45
  46  35   8  17  26   6  37
  21   3  32  41  43  23  12
  30  19  48   1  10  39  28


  22  11   2  49  40  31  20
  38  27  18   9   7  47  29
  13  44  42  33  24  15   4
   5  36  34  25  16  14  45
  46  35  26  17   8   6  37
  21   3  43  41  32  23  12
  30  19  10   1  48  39  28


  22  38  13   5  46  21  30
  11  27  44  36  35   3  19
   2  18  42  34  26  43  10
  49   9  33  25  17  41   1
  40   7  24  16   8  32  48
  31  47  15  14   6  23  39
  20  29   4  45  37  12  28


  20  29   4  45  37  12  28
  31  47  15  14   6  23  39
  40   7  24  16   8  32  48
  49   9  33  25  17  41   1
   2  18  42  34  26  43  10
  11  27  44  36  35   3  19
  22  38  13   5  46  21  30


  30  21  46   5  13  38  22
  19   3  35  36  44  27  11
  10  43  26  34  42  18   2
   1  41  17  25  33   9  49
  48  32   8  16  24   7  40
  39  23   6  14  15  47  31
  28  12  37  45   4  29  20


  22  31  40  49   2  11  20
  38  47   7   9  18  27  29
  13  15  24  33  42  44   4
   5  14  16  25  34  36  45
  46   6   8  17  26  35  37
  21  23  32  41  43   3  12
  30  39  48   1  10  19  28


  22  31   2  49  40  11  20
  38  47  18   9   7  27  29
  13  15  42  33  24  44   4
   5  14  34  25  16  36  45
  46   6  26  17   8  35  37
  21  23  43  41  32   3  12
  30  39  10   1  48  19  28


  22  38  13   5  46  21  30
  31  47  15  14   6  23  39
   2  18  42  34  26  43  10
  49   9  33  25  17  41   1
  40   7  24  16   8  32  48
  11  27  44  36  35   3  19
  20  29   4  45  37  12  28


  20  29   4  45  37  12  28
  11  27  44  36  35   3  19
  40   7  24  16   8  32  48
  49   9  33  25  17  41   1
   2  18  42  34  26  43  10
  31  47  15  14   6  23  39
  22  38  13   5  46  21  30


  30  21  46   5  13  38  22
  39  23   6  14  15  47  31
  10  43  26  34  42  18   2
   1  41  17  25  33   9  49
  48  32   8  16  24   7  40
  19   3  35  36  44  27  11
  28  12  37  45   4  29  20


  22  31   2  49  40  11  20
  38  47  18   9   7  27  29
  46   6  26  17   8  35  37
   5  14  34  25  16  36  45
  13  15  42  33  24  44   4
  21  23  43  41  32   3  12
  30  39  10   1  48  19  28


  20  29  37  45   4  12  28
  11  27  35  36  44   3  19
  40   7   8  16  24  32  48
  49   9  17  25  33  41   1
   2  18  26  34  42  43  10
  31  47   6  14  15  23  39
  22  38  46   5  13  21  30


  22  38  46   5  13  21  30
  31  47   6  14  15  23  39
  40   7   8  16  24  32  48
  49   9  17  25  33  41   1
   2  18  26  34  42  43  10
  11  27  35  36  44   3  19
  20  29  37  45   4  12  28


  22  38  13   5  46  21  30
  31  47  15  14   6  23  39
  40   7  24  16   8  32  48
  49   9  33  25  17  41   1
   2  18  42  34  26  43  10
  11  27  44  36  35   3  19
  20  29   4  45  37  12  28


  30  39  48   1  10  19  28
  21  23  32  41  43   3  12
  13  15  24  33  42  44   4
   5  14  16  25  34  36  45
  46   6   8  17  26  35  37
  38  47   7   9  18  27  29
  22  31  40  49   2  11  20


  20  11   2  49  40  31  22
  29  27  18   9   7  47  38
  37  35  26  17   8   6  46
  45  36  34  25  16  14   5
   4  44  42  33  24  15  13
  12   3  43  41  32  23  21
  28  19  10   1  48  39  30


  20  12   4  45  37  29  28
  11   3  44  36  35  27  19
  40  32  24  16   8   7  48
  49  41  33  25  17   9   1
   2  43  42  34  26  18  10
  31  23  15  14   6  47  39
  22  21  13   5  46  38  30


  20  29   4  45  37  12  28
  11  27  44  36  35   3  19
   2  18  42  34  26  43  10
  49   9  33  25  17  41   1
  40   7  24  16   8  32  48
  31  47  15  14   6  23  39
  22  38  13   5  46  21  30


  30  21  46   5  13  38  22
  39  23   6  14  15  47  31
  48  32   8  16  24   7  40
   1  41  17  25  33   9  49
  10  43  26  34  42  18   2
  19   3  35  36  44  27  11
  28  12  37  45   4  29  20


  20  11  40  49   2  31  22
  29  27   7   9  18  47  38
  37  35   8  17  26   6  46
  45  36  16  25  34  14   5
   4  44  24  33  42  15  13
  12   3  32  41  43  23  21
  28  19  48   1  10  39  30


  20  11  40  49   2  31  22
  29  27   7   9  18  47  38
   4  44  24  33  42  15  13
  45  36  16  25  34  14   5
  37  35   8  17  26   6  46
  12   3  32  41  43  23  21
  28  19  48   1  10  39  30


  20  11   2  49  40  31  22
  29  27  18   9   7  47  38
   4  44  42  33  24  15  13
  45  36  34  25  16  14   5
  37  35  26  17   8   6  46
  12   3  43  41  32  23  21
  28  19  10   1  48  39  30


  28  12  37  45   4  29  20
  19   3  35  36  44  27  11
  10  43  26  34  42  18   2
   1  41  17  25  33   9  49
  48  32   8  16  24   7  40
  39  23   6  14  15  47  31
  30  21  46   5  13  38  22


  20  31  40  49   2  11  22
  29  47   7   9  18  27  38
   4  15  24  33  42  44  13
  45  14  16  25  34  36   5
  37   6   8  17  26  35  46
  12  23  32  41  43   3  21
  28  39  48   1  10  19  30


  20  31   2  49  40  11  22
  29  47  18   9   7  27  38
   4  15  42  33  24  44  13
  45  14  34  25  16  36   5
  37   6  26  17   8  35  46
  12  23  43  41  32   3  21
  28  39  10   1  48  19  30


  20  29   4  45  37  12  28
  31  47  15  14   6  23  39
   2  18  42  34  26  43  10
  49   9  33  25  17  41   1
  40   7  24  16   8  32  48
  11  27  44  36  35   3  19
  22  38  13   5  46  21  30


  22  38  13   5  46  21  30
  11  27  44  36  35   3  19
  40   7  24  16   8  32  48
  49   9  33  25  17  41   1
   2  18  42  34  26  43  10
  31  47  15  14   6  23  39
  20  29   4  45  37  12  28


  28  12  37  45   4  29  20
  39  23   6  14  15  47  31
  10  43  26  34  42  18   2
   1  41  17  25  33   9  49
  48  32   8  16  24   7  40
  19   3  35  36  44  27  11
  30  21  46   5  13  38  22


  20  31   2  49  40  11  22
  29  47  18   9   7  27  38
  37   6  26  17   8  35  46
  45  14  34  25  16  36   5
   4  15  42  33  24  44  13
  12  23  43  41  32   3  21
  28  39  10   1  48  19  30


  20  29  37  45   4  12  28
  31  47   6  14  15  23  39
   2  18  26  34  42  43  10
  49   9  17  25  33  41   1
  40   7   8  16  24  32  48
  11  27  35  36  44   3  19
  22  38  46   5  13  21  30


  22  38  46   5  13  21  30
  11  27  35  36  44   3  19
  40   7   8  16  24  32  48
  49   9  17  25  33  41   1
   2  18  26  34  42  43  10
  31  47   6  14  15  23  39
  20  29  37  45   4  12  28


  28  12   4  45  37  29  20
  39  23  15  14   6  47  31
  10  43  42  34  26  18   2
   1  41  33  25  17   9  49
  48  32  24  16   8   7  40
  19   3  44  36  35  27  11
  30  21  13   5  46  38  22


  20  29  37  45   4  12  28
  31  47   6  14  15  23  39
  40   7   8  16  24  32  48
  49   9  17  25  33  41   1
   2  18  26  34  42  43  10
  11  27  35  36  44   3  19
  22  38  46   5  13  21  30


  20  12   4  45  37  29  28
  31  23  15  14   6  47  39
   2  43  42  34  26  18  10
  49  41  33  25  17   9   1
  40  32  24  16   8   7  48
  11   3  44  36  35  27  19
  22  21  13   5  46  38  30


  28  39  48   1  10  19  30
  12  23  32  41  43   3  21
   4  15  24  33  42  44  13
  45  14  16  25  34  36   5
  37   6   8  17  26  35  46
  29  47   7   9  18  27  38
  20  31  40  49   2  11  22


  22  11   2  49  40  31  20
  38  27  18   9   7  47  29
  46  35  26  17   8   6  37
   5  36  34  25  16  14  45
  13  44  42  33  24  15   4
  21   3  43  41  32  23  12
  30  19  10   1  48  39  28


  22  21  13   5  46  38  30
  11   3  44  36  35  27  19
  40  32  24  16   8   7  48
  49  41  33  25  17   9   1
   2  43  42  34  26  18  10
  31  23  15  14   6  47  39
  20  12   4  45  37  29  28


  28  29  37  45   4  12  20
  39  47   6  14  15  23  31
  10  18  26  34  42  43   2
   1   9  17  25  33  41  49
  48   7   8  16  24  32  40
  19  27  35  36  44   3  11
  30  38  46   5  13  21  22


  28  12  37  45   4  29  20
  39  23   6  14  15  47  31
  48  32   8  16  24   7  40
   1  41  17  25  33   9  49
  10  43  26  34  42  18   2
  19   3  35  36  44  27  11
  30  21  46   5  13  38  22


  20  31  40  49   2  11  22
  12  23  32  41  43   3  21
   4  15  24  33  42  44  13
  45  14  16  25  34  36   5
  37   6   8  17  26  35  46
  29  47   7   9  18  27  38
  28  39  48   1  10  19  30


  20  31   2  49  40  11  22
  12  23  43  41  32   3  21
   4  15  42  33  24  44  13
  45  14  34  25  16  36   5
  37   6  26  17   8  35  46
  29  47  18   9   7  27  38
  28  39  10   1  48  19  30


  20  31   2  49  40  11  22
  12  23  43  41  32   3  21
  37   6  26  17   8  35  46
  45  14  34  25  16  36   5
   4  15  42  33  24  44  13
  29  47  18   9   7  27  38
  28  39  10   1  48  19  30


  20  12  37  45   4  29  28
  31  23   6  14  15  47  39
   2  43  26  34  42  18  10
  49  41  17  25  33   9   1
  40  32   8  16  24   7  48
  11   3  35  36  44  27  19
  22  21  46   5  13  38  30


  22  21  46   5  13  38  30
  11   3  35  36  44  27  19
  40  32   8  16  24   7  48
  49  41  17  25  33   9   1
   2  43  26  34  42  18  10
  31  23   6  14  15  47  39
  20  12  37  45   4  29  28


  28  29   4  45  37  12  20
  39  47  15  14   6  23  31
  10  18  42  34  26  43   2
   1   9  33  25  17  41  49
  48   7  24  16   8  32  40
  19  27  44  36  35   3  11
  30  38  13   5  46  21  22


  20  12  37  45   4  29  28
  31  23   6  14  15  47  39
  40  32   8  16  24   7  48
  49  41  17  25  33   9   1
   2  43  26  34  42  18  10
  11   3  35  36  44  27  19
  22  21  46   5  13  38  30


  28  39  48   1  10  19  30
  29  47   7   9  18  27  38
   4  15  24  33  42  44  13
  45  14  16  25  34  36   5
  37   6   8  17  26  35  46
  12  23  32  41  43   3  21
  20  31  40  49   2  11  22


  22  11   2  49  40  31  20
  21   3  43  41  32  23  12
  46  35  26  17   8   6  37
   5  36  34  25  16  14  45
  13  44  42  33  24  15   4
  38  27  18   9   7  47  29
  30  19  10   1  48  39  28


  20  12  37  45   4  29  28
  11   3  35  36  44  27  19
   2  43  26  34  42  18  10
  49  41  17  25  33   9   1
  40  32   8  16  24   7  48
  31  23   6  14  15  47  39
  22  21  46   5  13  38  30


  28  29  37  45   4  12  20
  39  47   6  14  15  23  31
  48   7   8  16  24  32  40
   1   9  17  25  33  41  49
  10  18  26  34  42  43   2
  19  27  35  36  44   3  11
  30  38  46   5  13  21  22


  20  11   2  49  40  31  22
  12   3  43  41  32  23  21
  37  35  26  17   8   6  46
  45  36  34  25  16  14   5
   4  44  42  33  24  15  13
  29  27  18   9   7  47  38
  28  19  10   1  48  39  30


  20  12  37  45   4  29  28
  11   3  35  36  44  27  19
  40  32   8  16  24   7  48
  49  41  17  25  33   9   1
   2  43  26  34  42  18  10
  31  23   6  14  15  47  39
  22  21  46   5  13  38  30


  28  19  48   1  10  39  30
  29  27   7   9  18  47  38
   4  44  24  33  42  15  13
  45  36  16  25  34  14   5
  37  35   8  17  26   6  46
  12   3  32  41  43  23  21
  20  11  40  49   2  31  22


  22  31   2  49  40  11  20
  21  23  43  41  32   3  12
  46   6  26  17   8  35  37
   5  14  34  25  16  36  45
  13  15  42  33  24  44   4
  38  47  18   9   7  27  29
  30  39  10   1  48  19  28


  30  38  13   5  46  21  22
  19  27  44  36  35   3  11
  48   7  24  16   8  32  40
   1   9  33  25  17  41  49
  10  18  42  34  26  43   2
  39  47  15  14   6  23  31
  28  29   4  45  37  12  20


  28  19  48   1  10  39  30
  29  27   7   9  18  47  38
  37  35   8  17  26   6  46
  45  36  16  25  34  14   5
   4  44  24  33  42  15  13
  12   3  32  41  43  23  21
  20  11  40  49   2  31  22


  22  31   2  49  40  11  20
  21  23  43  41  32   3  12
  13  15  42  33  24  44   4
   5  14  34  25  16  36  45
  46   6  26  17   8  35  37
  38  47  18   9   7  27  29
  30  39  10   1  48  19  28


  30  38  46   5  13  21  22
  19  27  35  36  44   3  11
  48   7   8  16  24  32  40
   1   9  17  25  33  41  49
  10  18  26  34  42  43   2
  39  47   6  14  15  23  31
  28  29  37  45   4  12  20


  30  19  10   1  48  39  28
  38  27  18   9   7  47  29
  46  35  26  17   8   6  37
   5  36  34  25  16  14  45
  13  44  42  33  24  15   4
  21   3  43  41  32  23  12
  22  11   2  49  40  31  20


  28  19  10   1  48  39  30
  29  27  18   9   7  47  38
   4  44  42  33  24  15  13
  45  36  34  25  16  14   5
  37  35  26  17   8   6  46
  12   3  43  41  32  23  21
  20  11   2  49  40  31  22


  30  21  13   5  46  38  22
  19   3  44  36  35  27  11
  48  32  24  16   8   7  40
   1  41  33  25  17   9  49
  10  43  42  34  26  18   2
  39  23  15  14   6  47  31
  28  12   4  45  37  29  20


  30  39  10   1  48  19  28
  21  23  43  41  32   3  12
  13  15  42  33  24  44   4
   5  14  34  25  16  36  45
  46   6  26  17   8  35  37
  38  47  18   9   7  27  29
  22  31   2  49  40  11  20


  28  12  37  45   4  29  20
  19   3  35  36  44  27  11
  48  32   8  16  24   7  40
   1  41  17  25  33   9  49
  10  43  26  34  42  18   2
  39  23   6  14  15  47  31
  30  21  46   5  13  38  22


  28  39  10   1  48  19  30
  29  47  18   9   7  27  38
   4  15  42  33  24  44  13
  45  14  34  25  16  36   5
  37   6  26  17   8  35  46
  12  23  43  41  32   3  21
  20  31   2  49  40  11  22


  28  39  10   1  48  19  30
  29  47  18   9   7  27  38
  37   6  26  17   8  35  46
  45  14  34  25  16  36   5
   4  15  42  33  24  44  13
  12  23  43  41  32   3  21
  20  31   2  49  40  11  22


  28  39  10   1  48  19  30
  12  23  43  41  32   3  21
   4  15  42  33  24  44  13
  45  14  34  25  16  36   5
  37   6  26  17   8  35  46
  29  47  18   9   7  27  38
  20  31   2  49  40  11  22


  28  39  10   1  48  19  30
  12  23  43  41  32   3  21
  37   6  26  17   8  35  46
  45  14  34  25  16  36   5
   4  15  42  33  24  44  13
  29  47  18   9   7  27  38
  20  31   2  49  40  11  22


  30  21  46   5  13  38  22
  19   3  35  36  44  27  11
  48  32   8  16  24   7  40
   1  41  17  25  33   9  49
  10  43  26  34  42  18   2
  39  23   6  14  15  47  31
  28  12  37  45   4  29  20


  30  19  10   1  48  39  28
  21   3  43  41  32  23  12
  46  35  26  17   8   6  37
   5  36  34  25  16  14  45
  13  44  42  33  24  15   4
  38  27  18   9   7  47  29
  22  11   2  49  40  31  20


  28  19  10   1  48  39  30
  12   3  43  41  32  23  21
  37  35  26  17   8   6  46
  45  36  34  25  16  14   5
   4  44  42  33  24  15  13
  29  27  18   9   7  47  38
  20  11   2  49  40  31  22


  30  39  10   1  48  19  28
  21  23  43  41  32   3  12
  46   6  26  17   8  35  37
   5  14  34  25  16  36  45
  13  15  42  33  24  44   4
  38  47  18   9   7  27  29
  22  31   2  49  40  11  20


Ordnung: 7
Anzahl: 128
Magic number: 175
