Funktion:	pow x, 2.3

x           0      1      2      3      4      5      6      7      8      9

5.0    40.516 40.703 40.890 41.078 41.266 41.454 41.643 41.833 42.023 42.213
5.1    42.404 42.596 42.788 42.980 43.173 43.367 43.561 43.755 43.950 44.145
5.2    44.341 44.538 44.734 44.932 45.130 45.328 45.527 45.726 45.926 46.126
5.3    46.327 46.528 46.730 46.932 47.135 47.338 47.542 47.746 47.951 48.156
5.4    48.362 48.568 48.775 48.982 49.190 49.398 49.607 49.816 50.026 50.236
5.5    50.447 50.658 50.870 51.082 51.295 51.508 51.722 51.936 52.151 52.366
5.6    52.581 52.798 53.014 53.232 53.449 53.668 53.886 54.105 54.325 54.545
5.7    54.766 54.987 55.209 55.431 55.654 55.877 56.101 56.325 56.550 56.775
5.8    57.001 57.228 57.454 57.682 57.909 58.138 58.367 58.596 58.826 59.056
5.9    59.287 59.518 59.750 59.983 60.216 60.449 60.683 60.917 61.152 61.388
6.0    61.624

