Funktion:	pow x

x            0      1      2      3      4      5      6      7      8      9

1            1   1.02   1.04   1.06   1.08    1.1   1.12   1.14   1.17   1.19
1.1       1.21   1.23   1.25   1.28    1.3   1.32   1.35   1.37   1.39   1.42
1.2       1.44   1.46   1.49   1.51   1.54   1.56   1.59   1.61   1.64   1.66
1.3       1.69   1.72   1.74   1.77    1.8   1.82   1.85   1.88    1.9   1.93
1.4       1.96   1.99   2.02   2.04   2.07    2.1   2.13   2.16   2.19   2.22
1.5       2.25   2.28   2.31   2.34   2.37    2.4   2.43   2.46    2.5   2.53
1.6       2.56   2.59   2.62   2.66   2.69   2.72   2.76   2.79   2.82   2.86
1.7       2.89   2.92   2.96   2.99   3.03   3.06    3.1   3.13   3.17    3.2
1.8       3.24   3.28   3.31   3.35   3.39   3.42   3.46    3.5   3.53   3.57
1.9       3.61   3.65   3.69   3.72   3.76    3.8   3.84   3.88   3.92   3.96
2            4   4.04   4.08   4.12   4.16    4.2   4.24   4.28   4.33   4.37
2.1       4.41   4.45   4.49   4.54   4.58   4.62   4.67   4.71   4.75    4.8
2.2       4.84   4.88   4.93   4.97   5.02   5.06   5.11   5.15    5.2   5.24
2.3       5.29   5.34   5.38   5.43   5.48   5.52   5.57   5.62   5.66   5.71
2.4       5.76   5.81   5.86    5.9   5.95      6   6.05    6.1   6.15    6.2
2.5       6.25    6.3   6.35    6.4   6.45    6.5   6.55    6.6   6.66   6.71
2.6       6.76   6.81   6.86   6.92   6.97   7.02   7.08   7.13   7.18   7.24
2.7       7.29   7.34    7.4   7.45   7.51   7.56   7.62   7.67   7.73   7.78
2.8       7.84    7.9   7.95   8.01   8.07   8.12   8.18   8.24   8.29   8.35
2.9       8.41   8.47   8.53   8.58   8.64    8.7   8.76   8.82   8.88   8.94
3            9

