Funktion:	cos x

x             0       1       2       3       4       5       6       7       8       9

4       -0.6536  -0.646 -0.6384 -0.6306 -0.6229  -0.615 -0.6071 -0.5991 -0.5911  -0.583
4.1     -0.5748 -0.5666 -0.5583   -0.55 -0.5416 -0.5332 -0.5247 -0.5162 -0.5076  -0.499
4.2     -0.4903 -0.4815 -0.4727 -0.4639  -0.455 -0.4461 -0.4371 -0.4281  -0.419 -0.4099
4.3     -0.4008 -0.3916 -0.3824 -0.3731 -0.3638 -0.3545 -0.3451 -0.3357 -0.3263 -0.3168
4.4     -0.3073 -0.2978 -0.2882 -0.2787  -0.269 -0.2594 -0.2497   -0.24 -0.2303 -0.2206
4.5     -0.2108  -0.201 -0.1912 -0.1814 -0.1715 -0.1617 -0.1518 -0.1419  -0.132 -0.1221
4.6     -0.1122 -0.1022-0.09226 -0.0823-0.07233-0.06235-0.05237-0.04238-0.03238-0.02239
4.7    -0.01239-0.0023890.007611 0.01761 0.02761  0.0376 0.04759 0.05758 0.06756 0.07753
4.8      0.0875 0.09746  0.1074  0.1173  0.1273  0.1372  0.1471   0.157  0.1668  0.1767
4.9      0.1865  0.1963  0.2061  0.2159  0.2257  0.2354  0.2451  0.2548  0.2644  0.2741
5        0.2837  0.2932  0.3028  0.3123  0.3218  0.3312  0.3407    0.35  0.3594  0.3687
5.1       0.378  0.3872  0.3964  0.4056  0.4147  0.4238  0.4328  0.4418  0.4508  0.4597
5.2      0.4685  0.4773  0.4861  0.4948  0.5035  0.5121  0.5206  0.5292  0.5376   0.546
5.3      0.5544  0.5627  0.5709  0.5791  0.5872  0.5953  0.6033  0.6112  0.6191  0.6269
5.4      0.6347  0.6424    0.65  0.6576  0.6651  0.6725  0.6799  0.6872  0.6944  0.7016
5.5      0.7087  0.7157  0.7226  0.7295  0.7363   0.743  0.7497  0.7563  0.7628  0.7692
5.6      0.7756  0.7818   0.788  0.7942  0.8002  0.8061   0.812  0.8178  0.8235  0.8292
5.7      0.8347  0.8402  0.8456  0.8509  0.8561  0.8612  0.8662  0.8712  0.8761  0.8808
5.8      0.8855  0.8901  0.8946  0.8991  0.9034  0.9076  0.9118  0.9158  0.9198  0.9237
5.9      0.9275  0.9312  0.9348  0.9383  0.9417   0.945  0.9482  0.9514  0.9544  0.9573
6        0.9602

