Funktion:	cos x

x         0    1    2    3    4    5    6    7    8    9

5.10    0.4  0.4  0.4  0.4  0.4  0.4  0.4  0.4  0.4  0.4
5.11    0.4  0.4  0.4  0.4  0.4  0.4  0.4  0.4  0.4  0.4
5.12    0.4  0.4  0.4  0.4  0.4  0.4  0.4  0.4  0.4  0.4
5.13    0.4  0.4  0.4  0.4  0.4  0.4  0.4  0.4  0.4  0.4
5.14    0.4  0.4  0.4  0.4  0.4  0.4  0.4  0.4  0.4  0.4
5.15    0.4  0.4  0.4  0.4  0.4  0.4  0.4  0.4  0.4  0.4
5.16    0.4  0.4  0.4  0.4  0.4  0.4  0.4  0.4  0.4  0.4
5.17    0.4  0.4  0.4  0.4  0.4  0.4  0.4  0.4  0.4  0.4
5.18    0.5  0.5  0.5  0.5  0.5  0.5  0.5  0.5  0.5  0.5
5.19    0.5  0.5  0.5  0.5  0.5  0.5  0.5  0.5  0.5  0.5
5.20    0.5  0.5  0.5  0.5  0.5  0.5  0.5  0.5  0.5  0.5
5.21    0.5  0.5  0.5  0.5  0.5  0.5  0.5  0.5  0.5  0.5
5.22    0.5  0.5  0.5  0.5  0.5  0.5  0.5  0.5  0.5  0.5
5.23    0.5  0.5  0.5  0.5  0.5  0.5  0.5  0.5  0.5  0.5
5.24    0.5  0.5  0.5  0.5  0.5  0.5  0.5  0.5  0.5  0.5
5.25    0.5  0.5  0.5  0.5  0.5  0.5  0.5  0.5  0.5  0.5
5.26    0.5  0.5  0.5  0.5  0.5  0.5  0.5  0.5  0.5  0.5
5.27    0.5  0.5  0.5  0.5  0.5  0.5  0.5  0.5  0.5  0.5
5.28    0.5  0.5  0.5  0.5  0.5  0.5  0.5  0.5  0.5  0.5
5.29    0.5  0.5  0.5  0.5  0.5  0.6  0.6  0.6  0.6  0.6
5.30    0.6  0.6  0.6  0.6  0.6  0.6  0.6  0.6  0.6  0.6
5.31    0.6  0.6  0.6  0.6  0.6  0.6  0.6  0.6  0.6  0.6
5.32    0.6  0.6  0.6  0.6  0.6  0.6  0.6  0.6  0.6  0.6
5.33    0.6  0.6  0.6  0.6  0.6  0.6  0.6  0.6  0.6  0.6
5.34    0.6  0.6  0.6  0.6  0.6  0.6  0.6  0.6  0.6  0.6
5.35    0.6  0.6  0.6  0.6  0.6  0.6  0.6  0.6  0.6  0.6
5.36    0.6  0.6  0.6  0.6  0.6  0.6  0.6  0.6  0.6  0.6
5.37    0.6  0.6  0.6  0.6  0.6  0.6  0.6  0.6  0.6  0.6
5.38    0.6  0.6  0.6  0.6  0.6  0.6  0.6  0.6  0.6  0.6
5.39    0.6  0.6  0.6  0.6  0.6  0.6  0.6  0.6  0.6  0.6
5.40    0.6  0.6  0.6  0.6  0.6  0.6  0.6  0.6  0.6  0.6
5.41    0.6  0.6  0.6  0.6  0.6  0.6  0.6  0.6  0.6  0.6
5.42    0.7  0.7  0.7  0.7  0.7  0.7  0.7  0.7  0.7  0.7
5.43    0.7  0.7  0.7  0.7  0.7  0.7  0.7  0.7  0.7  0.7
5.44    0.7  0.7  0.7  0.7  0.7  0.7  0.7  0.7  0.7  0.7
5.45    0.7  0.7  0.7  0.7  0.7  0.7  0.7  0.7  0.7  0.7
5.46    0.7  0.7  0.7  0.7  0.7  0.7  0.7  0.7  0.7  0.7
5.47    0.7  0.7  0.7  0.7  0.7  0.7  0.7  0.7  0.7  0.7
5.48    0.7  0.7  0.7  0.7  0.7  0.7  0.7  0.7  0.7  0.7
5.49    0.7  0.7  0.7  0.7  0.7  0.7  0.7  0.7  0.7  0.7
5.50    0.7  0.7  0.7  0.7  0.7  0.7  0.7  0.7  0.7  0.7
5.51    0.7  0.7  0.7  0.7  0.7  0.7  0.7  0.7  0.7  0.7
5.52    0.7  0.7  0.7  0.7  0.7  0.7  0.7  0.7  0.7  0.7
5.53    0.7  0.7  0.7  0.7  0.7  0.7  0.7  0.7  0.7  0.7
5.54    0.7  0.7  0.7  0.7  0.7  0.7  0.7  0.7  0.7  0.7
5.55    0.7  0.7  0.7  0.7  0.7  0.7  0.7  0.7  0.7  0.7
5.56    0.7  0.8  0.8  0.8  0.8  0.8  0.8  0.8  0.8  0.8
5.57    0.8  0.8  0.8  0.8  0.8  0.8  0.8  0.8  0.8  0.8
5.58    0.8  0.8  0.8  0.8  0.8  0.8  0.8  0.8  0.8  0.8
5.59    0.8  0.8  0.8  0.8  0.8  0.8  0.8  0.8  0.8  0.8
5.60    0.8  0.8  0.8  0.8  0.8  0.8  0.8  0.8  0.8  0.8
5.61    0.8  0.8  0.8  0.8  0.8  0.8  0.8  0.8  0.8  0.8
5.62    0.8  0.8  0.8  0.8  0.8  0.8  0.8  0.8  0.8  0.8
5.63    0.8  0.8  0.8  0.8  0.8  0.8  0.8  0.8  0.8  0.8
5.64    0.8  0.8  0.8  0.8  0.8  0.8  0.8  0.8  0.8  0.8
5.65    0.8  0.8  0.8  0.8  0.8  0.8  0.8  0.8  0.8  0.8
5.66    0.8  0.8  0.8  0.8  0.8  0.8  0.8  0.8  0.8  0.8
5.67    0.8  0.8  0.8  0.8  0.8  0.8  0.8  0.8  0.8  0.8
5.68    0.8  0.8  0.8  0.8  0.8  0.8  0.8  0.8  0.8  0.8
5.69    0.8  0.8  0.8  0.8  0.8  0.8  0.8  0.8  0.8  0.8
5.70    0.8  0.8  0.8  0.8  0.8  0.8  0.8  0.8  0.8  0.8
5.71    0.8  0.8  0.8  0.8  0.8  0.8  0.8  0.8  0.8  0.8
5.72    0.8  0.8  0.8  0.8  0.8  0.8  0.8  0.8  0.8  0.9
5.73    0.9  0.9  0.9  0.9  0.9  0.9  0.9  0.9  0.9  0.9
5.74    0.9  0.9  0.9  0.9  0.9  0.9  0.9  0.9  0.9  0.9
5.75    0.9  0.9  0.9  0.9  0.9  0.9  0.9  0.9  0.9  0.9
5.76    0.9  0.9  0.9  0.9  0.9  0.9  0.9  0.9  0.9  0.9
5.77    0.9  0.9  0.9  0.9  0.9  0.9  0.9  0.9  0.9  0.9
5.78    0.9  0.9  0.9  0.9  0.9  0.9  0.9  0.9  0.9  0.9
5.79    0.9  0.9  0.9  0.9  0.9  0.9  0.9  0.9  0.9  0.9
5.80    0.9  0.9  0.9  0.9  0.9  0.9  0.9  0.9  0.9  0.9
5.81    0.9  0.9  0.9  0.9  0.9  0.9  0.9  0.9  0.9  0.9
5.82    0.9  0.9  0.9  0.9  0.9  0.9  0.9  0.9  0.9  0.9
5.83    0.9  0.9  0.9  0.9  0.9  0.9  0.9  0.9  0.9  0.9
5.84    0.9  0.9  0.9  0.9  0.9  0.9  0.9  0.9  0.9  0.9
5.85    0.9  0.9  0.9  0.9  0.9  0.9  0.9  0.9  0.9  0.9
5.86    0.9  0.9  0.9  0.9  0.9  0.9  0.9  0.9  0.9  0.9
5.87    0.9  0.9  0.9  0.9  0.9  0.9  0.9  0.9  0.9  0.9
5.88    0.9  0.9  0.9  0.9  0.9  0.9  0.9  0.9  0.9  0.9
5.89    0.9  0.9  0.9  0.9  0.9  0.9  0.9  0.9  0.9  0.9
5.90    0.9  0.9  0.9  0.9  0.9  0.9  0.9  0.9  0.9  0.9
5.91    0.9  0.9  0.9  0.9  0.9  0.9  0.9  0.9  0.9  0.9
5.92    0.9  0.9  0.9  0.9  0.9  0.9  0.9  0.9  0.9  0.9
5.93    0.9  0.9  0.9  0.9  0.9  0.9  0.9  0.9  0.9  0.9
5.94    0.9  0.9  0.9  0.9  0.9  0.9  0.9  0.9  0.9  0.9
5.95    0.9  0.9  0.9  0.9  0.9  0.9  0.9  0.9  0.9  0.9
5.96    0.9  0.9  0.9  0.9  0.9  0.9  1.0  1.0  1.0  1.0
5.97    1.0  1.0  1.0  1.0  1.0  1.0  1.0  1.0  1.0  1.0
5.98    1.0  1.0  1.0  1.0  1.0  1.0  1.0  1.0  1.0  1.0
5.99    1.0  1.0  1.0  1.0  1.0  1.0  1.0  1.0  1.0  1.0
6.00    1.0  1.0  1.0  1.0  1.0  1.0  1.0  1.0  1.0  1.0
6.01    1.0  1.0  1.0  1.0  1.0  1.0  1.0  1.0  1.0  1.0
6.02    1.0  1.0  1.0  1.0  1.0  1.0  1.0  1.0  1.0  1.0
6.03    1.0  1.0  1.0  1.0  1.0  1.0  1.0  1.0  1.0  1.0
6.04    1.0  1.0  1.0  1.0  1.0  1.0  1.0  1.0  1.0  1.0
6.05    1.0  1.0  1.0  1.0  1.0  1.0  1.0  1.0  1.0  1.0
6.06    1.0  1.0  1.0  1.0  1.0  1.0  1.0  1.0  1.0  1.0
6.07    1.0  1.0  1.0  1.0  1.0  1.0  1.0  1.0  1.0  1.0
6.08    1.0  1.0  1.0  1.0  1.0  1.0  1.0  1.0  1.0  1.0
6.09    1.0  1.0  1.0  1.0  1.0  1.0  1.0  1.0  1.0  1.0
6.10    1.0  1.0  1.0  1.0  1.0  1.0  1.0  1.0  1.0  1.0
6.11    1.0  1.0  1.0  1.0  1.0  1.0  1.0  1.0  1.0  1.0
6.12    1.0  1.0  1.0  1.0  1.0  1.0  1.0  1.0  1.0  1.0
6.13    1.0  1.0  1.0  1.0  1.0  1.0  1.0  1.0  1.0  1.0
6.14    1.0  1.0  1.0  1.0  1.0  1.0  1.0  1.0  1.0  1.0
6.15    1.0  1.0  1.0  1.0  1.0  1.0  1.0  1.0  1.0  1.0
6.16    1.0  1.0  1.0  1.0  1.0  1.0  1.0  1.0  1.0  1.0
6.17    1.0  1.0  1.0  1.0  1.0  1.0  1.0  1.0  1.0  1.0
6.18    1.0  1.0  1.0  1.0  1.0  1.0  1.0  1.0  1.0  1.0
6.19    1.0  1.0  1.0  1.0  1.0  1.0  1.0  1.0  1.0  1.0
6.20    1.0  1.0  1.0  1.0  1.0  1.0  1.0  1.0  1.0  1.0
6.21    1.0  1.0  1.0  1.0  1.0  1.0  1.0  1.0  1.0  1.0
6.22    1.0  1.0  1.0  1.0  1.0  1.0  1.0  1.0  1.0  1.0
6.23    1.0  1.0  1.0  1.0  1.0  1.0  1.0  1.0  1.0  1.0
6.24    1.0  1.0  1.0  1.0  1.0  1.0  1.0  1.0  1.0  1.0
6.25    1.0  1.0  1.0  1.0  1.0  1.0  1.0  1.0  1.0  1.0
6.26    1.0  1.0  1.0  1.0  1.0  1.0  1.0  1.0  1.0  1.0
6.27    1.0  1.0  1.0  1.0  1.0  1.0  1.0  1.0  1.0  1.0
6.28    1.0  1.0  1.0  1.0  1.0  1.0  1.0  1.0  1.0  1.0
6.29    1.0  1.0  1.0  1.0  1.0  1.0  1.0  1.0  1.0  1.0
6.30    1.0  1.0  1.0  1.0  1.0  1.0  1.0  1.0  1.0  1.0
6.31    1.0  1.0  1.0  1.0  1.0  1.0  1.0  1.0  1.0  1.0
6.32    1.0  1.0  1.0  1.0  1.0  1.0  1.0  1.0  1.0  1.0
6.33    1.0  1.0  1.0  1.0  1.0  1.0  1.0  1.0  1.0  1.0
6.34    1.0  1.0  1.0  1.0  1.0  1.0  1.0  1.0  1.0  1.0
6.35    1.0  1.0  1.0  1.0  1.0  1.0  1.0  1.0  1.0  1.0
6.36    1.0  1.0  1.0  1.0  1.0  1.0  1.0  1.0  1.0  1.0
6.37    1.0  1.0  1.0  1.0  1.0  1.0  1.0  1.0  1.0  1.0
6.38    1.0  1.0  1.0  1.0  1.0  1.0  1.0  1.0  1.0  1.0
6.39    1.0  1.0  1.0  1.0  1.0  1.0  1.0  1.0  1.0  1.0
6.40    1.0  1.0  1.0  1.0  1.0  1.0  1.0  1.0  1.0  1.0
6.41    1.0  1.0  1.0  1.0  1.0  1.0  1.0  1.0  1.0  1.0
6.42    1.0  1.0  1.0  1.0  1.0  1.0  1.0  1.0  1.0  1.0
6.43    1.0  1.0  1.0  1.0  1.0  1.0  1.0  1.0  1.0  1.0
6.44    1.0  1.0  1.0  1.0  1.0  1.0  1.0  1.0  1.0  1.0
6.45    1.0  1.0  1.0  1.0  1.0  1.0  1.0  1.0  1.0  1.0
6.46    1.0  1.0  1.0  1.0  1.0  1.0  1.0  1.0  1.0  1.0
6.47    1.0  1.0  1.0  1.0  1.0  1.0  1.0  1.0  1.0  1.0
6.48    1.0  1.0  1.0  1.0  1.0  1.0  1.0  1.0  1.0  1.0
6.49    1.0  1.0  1.0  1.0  1.0  1.0  1.0  1.0  1.0  1.0
6.50    1.0  1.0  1.0  1.0  1.0  1.0  1.0  1.0  1.0  1.0
6.51    1.0  1.0  1.0  1.0  1.0  1.0  1.0  1.0  1.0  1.0
6.52    1.0  1.0  1.0  1.0  1.0  1.0  1.0  1.0  1.0  1.0
6.53    1.0  1.0  1.0  1.0  1.0  1.0  1.0  1.0  1.0  1.0
6.54    1.0  1.0  1.0  1.0  1.0  1.0  1.0  1.0  1.0  1.0
6.55    1.0  1.0  1.0  1.0  1.0  1.0  1.0  1.0  1.0  1.0
6.56    1.0  1.0  1.0  1.0  1.0  1.0  1.0  1.0  1.0  1.0
6.57    1.0  1.0  1.0  1.0  1.0  1.0  1.0  1.0  1.0  1.0
6.58    1.0  1.0  1.0  1.0  1.0  1.0  1.0  1.0  1.0  1.0
6.59    1.0  1.0  1.0  1.0  1.0  1.0  1.0  1.0  1.0  1.0
6.60    1.0  0.9  0.9  0.9  0.9  0.9  0.9  0.9  0.9  0.9
6.61    0.9  0.9  0.9  0.9  0.9  0.9  0.9  0.9  0.9  0.9
6.62    0.9  0.9  0.9  0.9  0.9  0.9  0.9  0.9  0.9  0.9
6.63    0.9  0.9  0.9  0.9  0.9  0.9  0.9  0.9  0.9  0.9
6.64    0.9  0.9  0.9  0.9  0.9  0.9  0.9  0.9  0.9  0.9
6.65    0.9  0.9  0.9  0.9  0.9  0.9  0.9  0.9  0.9  0.9
6.66    0.9  0.9  0.9  0.9  0.9  0.9  0.9  0.9  0.9  0.9
6.67    0.9  0.9  0.9  0.9  0.9  0.9  0.9  0.9  0.9  0.9
6.68    0.9  0.9  0.9  0.9  0.9  0.9  0.9  0.9  0.9  0.9
6.69    0.9  0.9  0.9  0.9  0.9  0.9  0.9  0.9  0.9  0.9

